-1.36
-3.37
-2.7
-0.24
-4.907
-0.4
-2.67
-1.614
-5.931
-1.95
-2.55
-1.69
-2.523
-3.67
-2.05
-3.18
-2.73
-2.67
-4.376
-4.89
-2.676
-2.74
-2.06
-4.445
-3.74
-1.62
-4.11
-8.017
-3.504
-4.47
-6.78
-5.27
-2.3
-5.66
-1.62
-2.369
-5.89
-6.57
-4.3
-7.01
-1.64
-5.24
-0.41
-0.89
-3.84
-1.68
-4.6
0.85
-3.0
-3.54
-6.237
-0.89
-3.04
-4.06
-4.862
-2.92
-4.57
-3.896
-0.02
-1.24
-1.803
-0.7
-1.28
-3.6
-1.45
-3.999
-3.63
-2.46
-6.317
0.61
-4.36
-2.68
-2.92
0.74
-5.184
-2.58
-0.59
-0.24
-2.34
-1.655
-1.78
-3.96
-3.38
0.32
-1.29
-4.4
-6.637
-1.72
-0.14
-6.726
-3.88
-2.82
-3.73
-1.23
-3.85
-2.168
-3.57
-3.538
-0.19
-1.9
-2.42
-5.27
-4.706
-6.34
-4.21
-2.16
-2.478
-3.77
-0.98
-7.92
-3.48
-0.77
-7.11
0.3
0.35
-4.281
-1.458
-0.43
-4.38
-4.955
-0.17
-0.85
-8.4
-1.708
-2.356
-2.12
-3.22
-2.154
-0.83
-1.3
0.46
-4.679
-1.34
-3.03
-4.31
-4.36
-5.51
-2.56
-4.06
-3.81
-2.94
-3.796
-5.21
-1.99
-5.19
-4.3
-2.349
-0.47
-4.56
-2.57
-6.57
-4.14
0.64
-6.09
-1.8
-1.828
0.47
-1.92
-3.39
-2.78
-3.48
-0.5
-2.49
-1.24
-3.4
-4.37
-4.03
-1.33
-1.64
-1.3
-1.56
-5.06
-0.4
-2.564
-3.24
-3.13
-4.35
-8.0
-1.01
-3.952
-4.16
-4.432
-2.6
-5.915
-3.817
-1.94
-5.284
-1.506
-1.3
-1.03
-4.04
-0.49
-1.989
-1.71
-5.41
0.28
-2.42
-2.7
-7.0
-4.5155
-4.522
-3.27
-6.26
-0.04
-1.24
-2.34
-0.82
-1.66
-2.22
-3.85
-2.05
1.02
-2.55
-0.91
-3.19
-0.83
-1.29
-2.46
-4.57
-4.77
-3.1
-0.8
-5.64
-1.77
-5.53
-5.35
-2.982
-4.2
-0.807
-3.451
-2.59
-1.74
-2.358
-4.26
0.009
-4.71
-4.7
-1.06
-3.27
-2.296
0.02
-4.749
-1.28
-2.82
-5.19
-4.571
-2.15
-3.7
-8.804
-0.8
-4.26
-0.03
-2.63
-6.49
-1.8
0.43
-1.21
-8.334
-1.11
-2.39
-3.324
-5.84
0.96
0.575
0.0
-2.925
-3.239
1.1
-5.259
-4.69
-5.17
-3.15
-1.97
-7.321
-5.21
-4.89
-1.92
-4.43
-0.96
-5.115
-0.62
-4.07
0.54
-0.972
-2.89
-3.36
-3.42
-0.6
-3.4715
-4.81
-6.98
-1.44
-2.17
-0.85
-3.082
-0.42
-2.19
-1.96
-1.87
1.144
-3.754
0.58
-4.55
0.26
-1.661
-2.57
-0.92
-1.995
-0.59
-1.99
-4.88
-3.18
-8.6
-2.03
-5.26
-1.75
-2.35
-1.59
-4.72
-3.93
-4.37
-2.33
-2.61
-3.15
0.38
-2.8
-2.35
-2.46
0.07
-2.56
-0.7
-4.735
-3.083
-1.79
-2.54
-0.1
-3.638
-1.57
-0.45
-5.265
-1.17
-6.08
-3.893
-2.21
-6.96
-2.41
-3.04
-8.23
-5.507
-2.58
-2.18
-4.167
-3.604
-1.16
-3.583
-5.88
-0.6
-6.86
-0.85
-2.36
-1.99
-3.571
-0.63
-1.981
-2.617
-6.14
-5.4
-7.337
-0.4
-2.281
-2.943
-3.08
-2.58
-2.676
-6.301
-4.63
-3.08
-3.021
-2.077
-1.85
0.38
1.12
-0.41
-0.72
-3.27
1.1
-3.22
-4.755
-3.59
-1.6
0.43
0.32
-0.22
-4.17
-4.286
-1.077
-1.4
-4.53
-2.54
-3.66
-3.2
-4.554
-5.67
-3.01
-2.64
-5.293
-1.4
-0.96
-7.39
-4.21
-0.8
-3.84
-1.716
-0.09
-7.96
-2.77
-3.79
-3.4
-7.15
-6.2
-2.843
-1.21
-2.73
-2.68
-3.796
-3.27
-1.63
-3.364
-2.74
-3.924
-1.92
-3.785
-2.33
-4.69
-2.581
0.57
-4.28
-2.273
-0.44
-2.55
-2.35
-4.42
-8.4
-5.839
-0.77
-3.664
-6.35
-2.68
-3.76
-3.55
-0.7
-2.35
-2.74
-6.62
-1.83
-9.15
-4.31
0.11
-0.364
-0.742
-3.11
-2.53
-3.685
-2.59
-6.291
-1.99
-1.81
-3.03
-3.8
-5.382
-4.48
-4.02
-4.4
-1.601
-3.14
-2.484
-1.47
-4.74
-1.85
-3.76
-2.96
-1.6
-1.3
-3.3
-2.06
-2.03
-2.82
-2.253
-1.55
-5.37
-1.36
-4.19
-1.93
-4.38
0.45
-4.28
-2.32
-1.96
-4.62
-1.91
-0.876
-2.31
-4.22
0.48
-2.24
-3.64
-4.594
-2.338
-0.72
-4.0
-3.61
-4.12
-4.92
-4.046
-1.85
-3.05
-5.886
-6.47
0.106
-4.55
-2.09
-6.8
-7.32
-1.3
-3.21
-3.043
-1.28
0.52
-9.018
-7.02
-2.54
-3.65
-1.25
-2.78
-1.04
-2.39
-5.64
-2.29
-1.139
-1.24
-7.92
-1.155
-2.36
-5.68
-4.114
-5.16
-1.899
-8.6
-3.38
-2.25
-3.0
0.057
-1.34
-0.39
-3.18
-1.37
-3.46
-3.21
-1.25
-4.081
-2.218
-0.985
-1.94
-2.692
-0.99
-4.43
-4.207
-1.17
1.11
-1.96
-6.235
-1.46
-0.46
-0.466
-2.81
1.57
-1.6
-7.32
-1.29
-6.89
-0.36
-3.46
-2.32
-5.282
-6.57
-2.8
-3.408
-4.54
-7.278
-4.09
-4.871
-3.68
-0.85
-4.24
-4.5
-1.08
-4.62
-1.34
-7.2
-2.51
-2.17
-3.59
-4.0
-0.67
-8.56
-6.176
-1.14
1.58
-2.28
-2.831
-3.68
-4.0
-1.99
-7.87
1.07
-3.12
-4.19
-1.877
-4.678
-2.0
-2.68
-2.07
0.49
-0.66
-2.23
-1.87
-7.28
-7.66
-5.233
-1.6
-4.328
-3.63
-3.69
-0.79
-6.275
-5.696
-4.047
0.0
-3.66
-1.52
-1.52
-2.37
-0.62
-1.96
-1.32
-1.09
-1.89
-1.22
-2.11
-1.16
-4.63
-3.401
-8.94
-4.097
-2.16
0.651
-0.22
-2.016
-3.19
-2.863
-1.06
-3.33
-1.49
-2.44
-1.48
-2.518
-2.7
-1.886
-7.82
-2.42
-0.92
-9.16
-0.18
-4.65
-2.21
-0.85
-3.19
-0.8
-3.168
-5.071
-1.73
-4.57
-7.92
-6.35
-6.9
-4.743
-0.36
-1.456
-1.98
-2.563
-3.083
-2.1
-2.98
-2.322
-4.805
-1.06
0.58
-3.06
-4.634
-6.144
-2.55
-5.736
-3.171
-5.153
-0.78
-4.64
-6.96
-0.01
-2.24
-9.332
-4.11
-4.173
-2.33
-3.28
-7.42
-5.54
-3.81
-5.14
-2.08
-2.34
-0.74
-4.43
-4.73
-0.28
-5.65
-4.02
-1.947
-6.51
-2.084
-3.59
-6.025
-8.003
-3.01
-3.091
-2.37
0.32
-3.0
-1.38
-4.08
-4.14
0.39
-3.85
-4.445
-2.461
-0.092
-8.71
-3.38
-5.24
-2.05
-4.86
-1.66
-1.52
-0.74
0.1
-0.715
0.26
-4.46
-3.01
-1.13
-0.17
-1.34
-8.402
-2.77
-1.74
-4.345
-3.224
-2.77
-2.09
-2.878
-2.22
-1.92
-3.61
-5.08
-3.09
-5.24
-3.35
-1.77
-2.179
-2.696
-2.36
-6.39
-0.82
-5.16
-0.29
-3.37
-5.43
0.523
-3.499
-5.72
-4.24
-4.45
-2.253
-3.15
-1.52
-4.8
-2.523
-3.39
-2.09
0.29
-6.0
-5.613
-3.14
-0.15
-1.0
-3.18
-2.64
1.02
-2.62
-2.86
-6.307
-3.04
0.15
-3.67
-1.8
-2.06
-4.099
-4.925
-7.8
-5.84
-4.93
-0.41
-8.49
-2.22
-4.74
-2.12
-2.39
-2.35
-0.4
-2.85
-2.18
-6.01
-5.4
-0.12
-2.51
-3.59
-3.09
-1.17
-2.19
-0.73
-1.34
-3.26
-8.699
-8.6
-2.29
0.36
-3.82
-3.37
-4.9
-1.5
-4.15
-1.09
-4.411
-7.68
-6.02
-2.73
-2.593
-0.66
-1.54
-5.03
-4.883
-4.16
-1.64
-6.124
-0.82
-1.7
-3.2
-3.51
-3.78
-3.77
-0.8
-1.827
-1.6
-4.95
-1.1
-4.25
-3.8
-1.95
-4.64
-3.05
-6.01
-2.266
-5.46
-3.48
-1.96
-1.41
-1.01
-1.52
-4.576
-11.6
1.34
-4.15
-2.452
-3.55
-3.658
-0.6
-1.75
-3.028
-4.66
-2.54
-6.876
-7.85
-4.88
-3.31
-0.624
-3.5
-3.3
-2.09
-2.41
-2.647
-2.48
-4.71
-3.3
-1.94
-0.68
-3.37
-3.43
-4.63
-0.85
-3.11
-1.0
-3.54
-3.24
-0.88
-3.928
-5.27
-1.04
-3.586
-2.38
-6.59
-4.42
-4.12
-4.314
-1.85
-0.854
0.79
-2.932
-3.53
-5.82
-7.28
-1.6
-3.927
-0.95
-1.08
-3.29
-3.955
-3.246
-2.13
-5.05
-1.742
-3.68
-8.04
-2.766
-0.72
-2.73
-5.752
-0.51
-3.59
-7.8
-3.592
-4.47
-2.4
-8.057
-1.37
-3.17
-3.094
-7.43
-6.005
-7.21
-4.37
-0.667
-3.38
-1.11
-2.404
-3.81
-2.38
-3.93
-2.337
-0.63
-2.0
-4.15
0.38
-1.3
-4.8
0.62
-4.53
-4.7
-5.6
-2.93
-3.375
-3.931
-2.68
-4.8
-2.0
-3.18
-1.228
-2.89
-2.596
-1.74
-3.39
0.15
-3.73
-0.4
-3.536
-6.68
-4.632
-3.36
-4.29
-3.127
-3.62
-1.39
-1.84
0.522
0.76
-3.23
-8.176
-1.62
-5.0
-2.111
-3.54
-5.05
-4.29
-5.22
0.81
-4.0
-5.19
-2.21
-1.11
-3.35
-4.1
-0.31
-2.436
-4.873
-2.67
-4.88
-5.23
-5.03
-3.03
-3.953
-3.8
-1.45
-4.16
-3.1
0.7
-0.7
-6.56
-1.33
-3.68
-3.493
0.94
-1.55
-3.04
-3.9
0.715
-8.01
-0.49
-2.09
-4.07
-5.47
-8.172
-2.28
-2.43
-0.22
-1.807
-4.8
-4.44
-0.55
-2.86
-3.75
-5.666
-2.4
-3.45
-7.39
1.1
-3.1
-0.62
-3.12
-4.1
-5.56
-4.23
-4.23
-4.76
-2.84
-2.92
-0.12
-2.928
-2.64
-5.46
-2.78
-1.488
-3.9
-3.52
-2.39
-2.39
-1.19
-4.59
-2.82
-2.23
-3.96
-5.85
0.15
-2.0
-0.29
-1.06
-6.523
-1.96
-1.47
-7.25
-4.13
-2.9
-1.19
-3.672
0.51
-0.6
-4.194
0.62
-5.36
